# Copyright (c) 2024 linjing-lab
 
 C                 -1.86584431    2.08558208    0.00000000
 O                 -0.63557531    2.08558208    0.00000000
 O                 -2.49520231    3.28779608    0.00000000
 H                 -1.84839431    4.01222708   -0.00003600
 C                 -2.85724491    0.90714038    0.00006701
 H                 -3.47262999    0.95880650    0.87387009
 H                 -3.47303968    0.95905181   -0.87343286
 C                 -2.07666659   -0.42037510   -0.00030238
 H                 -1.46123555   -0.47201388   -0.87407470
 H                 -1.46091725   -0.47231351    0.87322791
 C                 -3.06806780   -1.59881628   -0.00032336
 H                 -3.68379998   -1.54689194   -0.87386657
 N                 -3.91359001   -1.52785291    1.20007507
 H                 -4.85772057   -1.74972455    0.95637346
 H                 -3.58239898   -2.18185729    1.88021533
 C                 -2.28748947   -2.92633177   -0.00065543
 O                 -1.40498508   -3.32638538    0.75743752
 O                 -2.66807617   -3.74706425   -1.01207125
 H                 -2.16142480   -4.57528211   -0.98925844
谷氨酸

 C                 -2.33568079    2.39436616    0.00000000
 H                 -1.97900795    2.89876435   -0.87365150
 C                 -3.87568079    2.39438514    0.00000000
 H                 -4.23235337    1.88829341    0.87267166
 H                 -4.23233470    3.40319342    0.00195600
 H                 -4.23235384    1.89168174   -0.87462771
 C                 -1.82233857    3.12032244    1.25740497
 H                 -2.17931923    2.61614108    2.13105591
 H                 -0.75233864    3.11998304    1.25759299
 H                 -2.17868516    4.12924120    1.25721713
 C                 -1.82236507    0.94243401    0.00000000
 H                 -2.17882870    0.43810924    0.87377927
 N                 -2.31266102    0.24937412   -1.20007411
 H                 -1.57344285    0.17921643   -1.86987587
 H                 -2.62515621   -0.66738288   -0.95127025
 C                 -0.28236512    0.94241579   -0.00036830
 O                  0.50948219    1.57704496   -0.69591519
 O                  0.23264742    0.09596861    0.92683138
 H                  1.20338643    0.11522453    0.90548070
缬氨酸

 C                 -2.58215966    1.97183096    0.00000000
 H                 -2.22550524    0.96302095    0.00000000
 H                 -2.22548682    2.47622915    0.87365150
 C                 -4.12215966    1.97184993    0.00000000
 H                 -4.47881358    2.98066011    0.00001950
 H                 -4.47883223    1.46746809   -0.87366106
 H                 -4.47883273    1.46743475    0.87364160
 C                 -2.06881744    2.69778723   -1.25740497
 H                 -2.42563165    3.70654073   -1.25750282
 C                 -2.58192977    1.97166790   -2.51480962
 H                 -3.56537396    2.32040547   -2.75170546
 H                 -1.92513610    2.17208690   -3.33539130
 H                 -2.61179223    0.91800002   -2.33098300
 C                 -0.52881747    2.69801166   -1.25726396
 H                 -0.17200064    1.68980367   -1.29040599
 N                 -0.03902502    3.35120245   -0.03482985
 H                  0.72239310    2.82412353    0.34256948
 H                  0.27168068    4.27637108   -0.25283209
 C                 -0.01548348    3.46500662   -2.49006847
 O                 -0.36530819    4.55148778   -2.94913620
 O                  0.97470568    2.79844844   -3.13554163
 H                  1.27964456    3.30293752   -3.90733429
异亮氨酸

 C                 -2.73474183    2.23004692    0.00000000
 H                 -2.37806899    2.73444511    0.87365150
 N                 -4.20474183    2.23006503    0.00000000
 H                 -4.53808069    1.75708211    0.81558099
 H                 -4.53806324    3.17287651    0.00182804
 N                 -2.24475864    0.84411168    0.00000000
 H                 -1.26159761    0.66137036    0.00000000
 N                 -2.24473334    2.92300518   -1.20025020
 H                 -2.51349703    3.88547310   -1.16254635
 C                 -0.77912668    2.82543542   -1.25836427
 H                 -0.39134090    3.62877552   -1.84926772
 C                 -0.37896017    1.48101311   -1.89397060
 H                  0.02487330    0.83674821   -1.14114840
 H                 -1.24130606    1.02233356   -2.33086033
 C                  0.68112118    1.72400673   -2.98428324
 H                  1.50936080    2.25555596   -2.56431354
 H                  0.25197326    2.30083834   -3.77674608
 C                  1.16680835    0.37176057   -3.53848382
 H                  1.91003480    0.54033185   -4.28954852
 N                  0.03125254   -0.35302448   -4.12678615
 H                 -0.00499511   -0.17422538   -5.11000382
 H                  0.14493157   -1.33415236   -3.97037272
 C                  1.77243477   -0.46380302   -2.39539584
 O                  1.24429962   -1.29023085   -1.65266297
 O                  3.09461453   -0.21400061   -2.21975580
 H                  3.45087678   -0.75274323   -1.49450105
精氨酸

 C                 -3.15727704    2.76995301    0.00000000
 H                 -2.80060420    3.27435120    0.87365150
 H                 -4.22727704    2.76996619    0.00000000
 C                 -2.64396133    1.31802086    0.00000000
 H                 -1.57396133    1.31800821   -0.00000086
 H                 -3.00063462    0.81362197   -0.87365092
 C                 -3.15730300    0.59206478    1.25740530
 H                 -2.79903292    1.09533292    2.13105496
 H                 -4.22730119    0.59377209    1.25838489
 C                 -2.64628818   -0.86067810    1.25599789
 H                 -1.57629049   -0.86238487    1.25457037
 H                 -3.00492381   -1.36407469    0.38257224
 C                 -3.15910310   -1.58644920    2.51372487
 H                 -4.22910074   -1.58472459    2.51516166
 N                 -2.66637613   -0.89488287    3.71366493
 H                 -3.38708703   -0.87520722    4.40662141
 H                 -1.87000824   -1.38013467    4.07467582
 N                 -2.66726856    3.46291127   -1.20025020
 H                 -3.44462065    3.75194858   -1.75898195
 H                 -2.13564182    4.26505815   -0.92834326
 C                 -2.64811131   -3.03920017    2.51230339
 O                 -1.50512848   -3.47661568    2.38652686
 O                 -3.65116795   -3.93789735    2.67852834
 H                 -3.30233589   -4.84423889    2.67383006
赖氨酸

 C                 -3.57981226    2.24178400    0.00000000
 H                 -3.22315784    1.23297400    0.00000000
 H                 -3.22313942    2.74618219    0.87365150
 H                 -4.64981226    2.24179719    0.00000000
 S                 -2.98646866    3.08087632   -1.45336418
 C                 -3.57935936    4.75923267   -1.45413870
 H                 -4.64935931    4.75951446   -1.45429557
 H                 -3.22268787    5.26389947   -0.58064178
 C                 -3.06564983    5.48454471   -2.71176541
 H                 -3.42232128    4.97987758   -3.58526216
 H                 -1.99564988    5.48426258   -2.71160830
 C                 -3.57860016    6.93660583   -2.71243547
 H                 -3.22192707    7.44127264   -1.83893920
 N                 -5.04860009    6.93699376   -2.71264874
 H                 -5.38183018    7.65991976   -2.10739201
 H                 -5.38175542    7.09987203   -3.64134579
 C                 -3.06489299    7.66191704   -3.97006363
 O                 -3.13890073    7.34073778   -5.15536045
 O                 -2.44206240    8.83016982   -3.67227595
 H                 -2.12851068    9.26628967   -4.48137771
甲硫氨酸

 C                 -3.54986288    5.19724935    0.17026661
 C                 -2.15470288    5.19724935    0.17026661
 C                 -1.45716488    6.40500035    0.17026661
 C                 -2.15481888    7.61350935    0.16906761
 C                 -3.54964388    7.61343135    0.16858861
 C                 -4.24724488    6.40522535    0.16958461
 H                 -4.09962188    4.24493235    0.17071661
 H                 -0.35748488    6.40508035    0.17090061
 H                 -1.60461888    8.56565235    0.16900861
 H                 -4.09976588    8.56571235    0.16763561
 H                 -5.34684888    6.40540835    0.16940461
 C                 -1.38515053    3.86331315    0.17210819
 H                 -1.22177378    3.54719542    1.18120561
 H                 -1.95613612    3.12143082   -0.34604822
 C                 -0.02894647    4.05210660   -0.53263829
 H                  0.62142043    4.62653899    0.09342107
 N                 -0.23249320    4.75770318   -1.80605974
 H                  0.59849800    5.25984901   -2.04544060
 H                 -0.44001373    4.09450164   -2.52515566
 C                  0.60445433    2.67495042   -0.80438134
 O                  0.16358259    1.70919568   -1.42608199
 O                  1.83857652    2.55797543   -0.25241281
 H                  2.21456154    1.68205975   -0.43833715
苯丙氨酸

 C                  0.61329911    1.37082594    0.00000000
 C                 -0.87177289    1.37082594    0.00000000
 C                 -1.56103289    2.62910794    0.00000000
 C                 -0.85088889    3.78422194    0.00000000
 C                  0.59241511    3.78422194    0.00000000
 C                  1.30255911    2.62910794    0.00000000
 C                 -0.12923689   -0.85022306    0.00000000
 C                 -1.31464989    0.07928794    0.00000000
 H                 -2.66061089    2.62152994    0.00000000
 H                 -1.35703789    4.76121194    0.00000000
 H                  1.09856411    4.76121194    0.00000000
 H                  2.40213711    2.62152994    0.00000000
 H                  2.08125611   -0.28330106    0.00000000
 H                 -2.33972989   -0.28330106    0.00000000
 N                  1.05617611    0.07928794    0.00000000
 C                 -0.12923689   -1.74814577    1.25113341
 H                 -1.00114916   -2.36833280    1.24504785
 H                 -0.13270502   -1.13653300    2.12909570
 C                  1.13065641   -2.63372753    1.24741570
 H                  1.39525357   -2.87329059    0.23870470
 N                  2.23966765   -1.91074405    1.88639062
 H                  2.21904442   -2.07323018    2.87288590
 H                  3.10854136   -2.23588339    1.51310402
 C                  0.84790580   -3.93192850    2.02608529
 O                  0.34303636   -4.09577967    3.13595981
 O                  1.23283631   -5.03779251    1.34029867
 H                  1.04369322   -5.84081906    1.85267950
色氨酸

 C                 -2.19483571    1.87793424    0.00000000
 C                 -0.26247371    3.21732424    0.00000000
 C                 -1.43902871    4.18749124   -0.00000100
 C                 -2.69037971    3.32013324   -0.00000100
 H                 -2.51899671    1.31895524   -0.91513200
 H                 -2.51899671    1.31895524    0.91513200
 H                  0.37436529    3.32482324   -0.91536000
 H                 -1.40764171    4.84668324    0.90190200
 H                 -1.40763971    4.84668224   -0.90190500
 H                 -3.31865871    3.52208724    0.90190200
 H                 -3.31865871    3.52208624   -0.90190500
 N                 -0.76446471    1.87793424    0.00000000
 H                 -0.43548410    1.40348178   -0.81649654
 C                  0.61296921    3.36509980    1.25831716
 C                  1.21192848    4.78313457    1.30331940
 O                  1.59442040    5.51075034    0.38798501
 O                  1.31291977    5.25935779    2.56997728
 H                  1.69274123    6.15316790    2.56984742
脯氨酸

 C                 -1.20335819    3.03171638    0.00000000
 C                  0.19180181    3.03171638    0.00000000
 C                  0.88933981    4.23946738    0.00000000
 C                  0.19168581    5.44797638   -0.00119900
 C                 -1.20313919    5.44789838   -0.00167800
 C                 -1.90074019    4.23969238   -0.00068200
 H                 -1.75311719    2.07939938    0.00045000
 H                  0.74130981    2.07920338    0.00131500
 H                  0.74188581    6.40011938   -0.00125800
 H                 -1.75326119    6.40017938   -0.00263100
 O                 -3.33074015    4.23993036   -0.00091608
 H                 -3.65164279    4.23998732    0.90386096
 C                  2.42933955    4.23957941    0.00088786
 H                  2.78658650    4.25194589   -1.00763665
 H                  2.78564579    5.10702102    0.51614596
 C                  2.94235554    2.97342553    0.71171058
 H                  2.42529588    2.85155726    1.64052564
 N                  2.70073461    1.80075379   -0.14114364
 H                  3.40290520    1.75498222   -0.85167966
 H                  2.73534808    0.97082770    0.41565488
 C                  4.45267729    3.11118463    0.97920011
 O                  5.36150964    3.46088784    0.22734027
 O                  4.78140421    2.78527329    2.25479033
 H                  5.73745198    2.88057286    2.39639370
酪氨酸

 C                 -2.35878042    1.57128301    0.00000900
 C                 -0.53303242    2.94207901    0.00000900
 C                 -1.69008942    3.73353201   -0.00009500
 N                 -2.79850742    2.89179101    0.00000000
 H                 -3.73883542    3.18249201   -0.00021700
 H                 -3.06036842    0.73805001    0.00010700
 H                 -0.31265742    0.69857701    0.00003400
 H                  0.49153058    3.29857101   -0.00001600
 N                 -0.95703042    1.57128301    0.00000900
 C                 -1.84408776    5.26581281   -0.00030283
 H                 -2.37991604    5.57030512   -0.87498706
 H                 -2.38333901    5.57019810    0.87231259
 C                 -0.45077525    5.92176448    0.00246685
 H                  0.08823594    5.61788982   -0.87047480
 N                  0.28569440    5.50274123    1.20368788
 H                  1.26862777    5.56923503    1.03216359
 H                  0.04001350    6.09699127    1.96952585
 C                 -0.60477607    7.45404487    0.00319787
 O                 -1.24562497    8.18527340    0.75697459
 O                  0.09273515    8.04202138   -1.00137751
 H                 -0.02139871    9.00617375   -0.97804229
组氨酸

 C                 -2.95708951    3.19962682    0.00000000
 O                 -1.72682051    3.19962682    0.00000000
 O                 -3.58644751    4.40184082    0.00000000
 H                 -2.93963951    5.12627182   -0.00003600
 C                 -3.94849011    2.02118512    0.00006701
 H                 -4.56545089    2.07407755   -0.87255077
 N                 -4.79232158    2.09081626    1.20173250
 H                 -5.75459735    2.02579819    0.93753940
 H                 -4.56300957    1.33443725    1.81435538
 C                 -3.16791407    0.69367143   -0.00283646
 H                 -3.85673564   -0.12511714    0.00034685
 H                 -2.54861596    0.64215652    0.86820662
 S                 -2.15003433    0.60706769   -1.46051291
 S                 -1.78882280   -1.32729942   -1.91674764
 C                 -0.79907300   -1.41462709   -3.39362584
 H                  0.13622842   -0.92275561   -3.22577564
 H                 -1.31554387   -0.93392467   -4.19804055
 C                 -0.54557589   -2.88995945   -3.75519693
 H                 -1.48068753   -3.38083678   -3.92696909
 N                  0.15908923   -3.55176124   -2.64778307
 H                 -0.17713068   -4.48858150   -2.55122234
 H                  1.14042765   -3.56789427   -2.83939369
 C                  0.31556205   -2.96547870   -5.02969224
 O                  1.35324682   -2.37211823   -5.32071711
 O                 -0.18988160   -3.83381062   -5.94179771
 H                  0.37099846   -3.86221341   -6.73411564
膀氨酸

 C                 -1.44589550    2.14552236    0.00000000
 O                 -0.21857850    2.14552236    0.00000000
 N                 -2.22976454    3.38908552    0.00000000
 H                 -2.80616859    3.41978302   -0.81658804
 H                 -2.80643622    3.41961432    0.81640539
 C                 -2.26709163    0.84274191    0.00005409
 H                 -2.88385271    0.80993737    0.87379869
 H                 -2.88412159    0.81003432   -0.87350430
 C                 -1.31255073   -0.36574956   -0.00015985
 H                 -0.69763558   -0.33440246   -0.87525796
 H                 -0.69367766   -0.33158621    0.87203794
 C                 -2.13374279   -1.66852656    0.00380057
 H                 -2.74815242   -1.70019026    0.87924230
 N                 -2.98466243   -1.71502389   -1.19397811
 H                 -2.56914842   -2.31815928   -1.87484213
 H                 -3.88879972   -2.06379957   -0.94721654
 C                 -1.17920442   -2.87701944    0.00259514
 O                 -0.25442035   -3.15507546   -0.75965225
 O                 -1.43879934   -3.73909353    1.01790236
 H                 -0.82393146   -4.49044405    0.99401212
谷氨酰胺

 C                  0.35826807    0.60113377    0.00000900
 C                  0.78226607    1.97192977    0.00000900
 C                 -0.37479093    2.76338277   -0.00009500
 O                  1.20767554   -0.54926049    0.00004195
 O                 -1.04348193    0.60113377    0.00000900
 O                  2.13284647    2.44185803   -0.00002396
 H                  2.15983481    3.33946593    0.33934557
 O                 -0.51778939    4.18621494   -0.00028799
 H                 -1.13006209    4.44665497   -0.69230904
 C                 -1.48320893    1.92164177    0.00000000
 H                 -2.08177058    2.07723595   -0.87316345
 C                 -2.32058472    2.22307691    1.25679698
 H                 -2.88353583    3.12002942    1.10362310
 O                 -1.45126695    2.39179983    2.37961451
 H                 -1.97497904    2.51205021    3.17514295
 C                 -3.28391975    1.05186934    1.52486122
 H                 -4.08028908    1.38287974    2.15820789
 H                 -2.75335821    0.25642768    2.00514970
 O                 -3.82320625    0.58500838    0.28546181
 H                 -4.70046316    0.22423926    0.43333324
维生素C

 C                 -0.85820894    1.93097012    0.00000000
 O                  0.57216206    1.93097012    0.00000000
 C                 -0.10240194    4.24052712   -0.00000100
 C                 -1.35375294    3.37316912   -0.00000100
 H                 -1.18236994    1.37199112   -0.91513200
 H                 -0.07101294    4.89971812   -0.90190500
 H                 -1.98203194    3.57512212   -0.90190500
 O                  1.88706435    3.40758029    1.16843736
 O                 -0.06224010    5.08400897    1.15404640
 H                 -0.27978049    5.98409717    0.90083221
 O                 -2.15767925    3.63158319    1.15404608
 H                 -3.08513292    3.62620001    0.90625441
 C                 -1.30382297    1.16255911    1.25800344
 H                 -2.37145284    1.09322150    1.27408889
 O                 -0.85356587    1.85614605    2.42466779
 H                 -1.01885219    1.31714186    3.20168447
 C                 -0.69774024   -0.25299699    1.23644762
 O                  0.42020761   -0.64109252    1.57280498
 C                  1.07415306    3.27036012    0.00000000
 H                  1.70315135    3.43894052   -0.84902403
葡醛内酯

 C                 -6.46362844    2.03631542    0.77893690
 H                 -6.66014182    1.13508493    0.23665829
 H                 -7.08155551    2.06927247    1.65185154
 C                 -6.77313017    3.25131255   -0.11526143
 H                 -6.49451877    4.14972373    0.39477096
 H                 -6.21970203    3.17286908   -1.02765603
 C                 -8.28014669    3.28616872   -0.43035864
 H                 -8.83278967    3.38496615    0.48053368
 H                 -8.56272812    2.37899269   -0.92237428
 C                 -8.58506390    4.48448558   -1.34832496
 H                 -8.28348772    5.39006078   -0.86470800
 H                 -8.04840397    4.37524273   -2.26754317
 C                -10.09641423    4.53667874   -1.63935085
 H                -10.63315151    4.64441396   -0.71999987
 H                -10.39770849    3.63173167   -2.12431741
 C                -10.40162506    5.73626083   -2.55556542
 H                -10.09230671    6.64045416   -2.07425827
 H                 -9.87175638    5.62413989   -3.47836988
 C                -11.91463764    5.79585037   -2.83635364
 H                -12.44449415    5.90818427   -1.91356809
 H                -12.22399468    4.89156837   -3.31746932
 C                -12.21980953    6.99525296   -3.75281616
 H                -11.69258527    6.88125304   -4.67690414
 H                -11.90739905    7.89923446   -3.27311090
 C                -13.73342755    7.05767224   -4.02969939
 H                -14.04585044    6.15366171   -4.50934186
 H                -14.26064749    7.17174166   -3.10561752
 C                -14.03858705    8.25701611   -4.94624288
 H                -13.51246917    8.14225180   -5.87086666
 H                -13.72488904    9.16089866   -4.46719185
 C                -15.55245339    8.32061922   -5.22149434
 H                -15.86614860    7.41674233   -5.70055788
 H                -16.07857180    8.43536921   -4.29686908
 C                -15.85761538    9.51997506   -6.13802134
 H                -15.33201301    9.40490004   -7.06289964
 H                -16.90953767    9.56455195   -6.32873685
 H                -15.54332351   10.42379152   -5.65923494
 O                 -5.08777561    2.06850670    1.16738600
 O                 -3.51946450    0.97488551    0.00000000
 O                 -4.42305214    4.44509479   -0.00048686
 H                 -3.95573563    5.16327942    0.43244052
 O                 -1.56925165    4.65967198   -0.00037261
 H                 -1.11618715    4.79416289    0.83523780
 O                 -0.01683249    2.25323592   -0.00123583
 H                  0.30098276    2.35343557    0.89907162
 O                 -0.18711482   -0.23458544   -0.84520462
 H                  0.26561042   -1.07982201   -0.89226847
 C                 -1.33414186   -0.35388227    0.00037047
 H                 -1.81957704   -1.20915650   -0.42124390
 H                 -1.11392062   -0.54056626    1.03068677
 C                 -2.11258650    0.97488551    0.00000000
 H                 -2.48783402    1.97692148   -0.00363369
 C                 -1.44589550    2.20149251    0.00000000
 H                 -2.49930224    2.21121402    0.18745593
 C                 -2.19996850    3.37627951   -0.00024100
 H                 -1.17941544    3.05476997    0.00151090
 C                 -3.60317050    3.27347451   -0.00038200
 H                 -2.95243974    2.42409479   -0.00227028
 C                 -4.26270050    2.09852351   -0.00019700
 H                 -4.73713878    2.08103322   -0.95910388
十二烷葡萄糖苷

 O                  0.61749586    2.16928069   -0.00123583
 H                  0.93848089    2.18204018    0.90342201
 O                 -0.93492331    4.57571676   -0.00037261
 H                 -1.43094177    5.17648656   -0.56130160
 O                 -0.75541670   -0.34292551    0.00034400
 H                 -1.32276600   -1.04678794   -0.32259940
 O                 -5.07326622   -0.15254977    0.08871471
 H                 -5.56450090   -0.97725542    0.10092467
 C                 -0.81156715    2.11753729    0.00000000
 H                 -1.86497389    2.12725880    0.18745593
 O                 -3.78872379    4.36113957   -0.00048686
 O                 -2.01230822    5.99313014    0.82909045
 H                 -1.72420452    6.90537159    0.90916413
 O                 -4.23126238    5.19139349    3.60265576
 O                 -6.16912595    4.99847893    5.08387294
 H                 -6.79879016    5.72251941    5.05406738
 O                 -7.68259826    3.96208237    2.93557872
 H                 -8.23827883    4.73809516    2.83250955
 O                 -6.49217226    3.64340632    0.39329996
 H                 -7.26310562    4.19681245    0.24837444
 C                 -1.47825815    0.89093029    0.00000000
 H                 -0.49116589    1.30344165   -0.01957647
 C                 -3.67361650   -0.43190709    0.00017009
 H                 -3.42771631   -1.04653645    0.84080309
 H                 -3.47974860   -0.97014101   -0.90405305
 C                 -2.16989578    5.42616478    2.13240025
 H                 -1.38930845    6.14327427    2.27847354
 H                 -2.00339222    4.58292731    2.76968130
 C                 -3.64370623    5.03448635    2.34704125
 H                 -4.66905970    4.76511007    2.49190906
 C                 -6.31391591    4.32514188    2.73608833
 H                 -5.29534022    4.60060680    2.55854212
 C                 -5.72610854    4.16742229    1.48116651
 H                 -5.15751998    4.51026710    2.32025202
 C                 -4.39099266    4.52240974    1.28643355
 H                 -4.83274034    4.65031978    2.25255881
 C                 -5.56618790    4.83695667    3.79729754
 H                 -5.08178912    4.70942059    2.85178584
 O                 -3.62837215    2.01456829   -0.00019700
 C                 -2.88513615    0.89093029    0.00000000
 H                 -2.31692940    1.79759509    0.00012248
 C                 -2.96884215    3.18951929   -0.00038200
 H                 -2.31811139    2.34013956   -0.00227028
 C                 -1.56564015    3.29232429   -0.00024100
 H                 -0.54508709    2.97081475    0.00151090
乳糖

 O                 -2.98559090    2.56082591   -0.00091608
 H                 -3.30649354    2.56088287    0.90386096
 O                 -1.57330397    5.00702827   -0.00291717
 H                 -1.07570761    5.66407494   -0.49514429
 O                  1.25230312    5.00701789   -0.00127572
 H                  2.18277481    4.83946096    0.16529897
 O                  2.66448882    2.56046695    0.00082444
 H                  2.98507270    1.66239340   -0.11003520
 O                  1.25153538    0.11395688    0.00171004
 H                  0.75425514   -0.54356268   -0.49020500
 O                 -1.57314892    0.11416108    0.00058521
 H                 -1.74923044   -0.15378076    0.90546225
 C                 -1.55559094    2.56058792   -0.00068200
 H                 -0.48581749    2.54629082    0.01606162
 C                 -0.85820894    1.35261192    0.00000000
 H                 -0.33316984    2.28493439    0.00296120
 C                  0.53695106    1.35261192    0.00000000
 H                  0.02271577    2.28950812   -0.05184198
 C                  1.23448906    2.56036292    0.00000000
 H                  0.16487894    2.53387309    0.01150989
 C                  0.53683506    3.76887192   -0.00119900
 H                 -0.02623775    2.85922522   -0.02099520
 C                 -0.85798994    3.76879392   -0.00167800
 H                 -0.30690438    2.85164994   -0.00886222
肌醇

 O                  0.75997769    0.48823409   -1.39620907
 C                 -1.82611333    2.55125956   -0.00068200
 H                 -2.44407479    2.55113888   -0.87419423
 H                 -2.44368143    2.55117616    0.87310838
 C                 -1.12851233    3.75946556   -0.00167800
 H                 -1.43788874    4.29524676    0.87131956
 H                 -1.43670803    4.29379482   -0.87598210
 C                  0.26631267    3.75954356   -0.00119900
 H                  0.41026103    4.39019340    0.85112703
 H                  0.73972617    4.19912612   -0.85416256
 O                 -1.12873133    1.34328356    0.00000000
 N                  0.96396667    2.55103456    0.00000000
 H                  1.54078449    2.80066632    0.77779509
 N                  1.79217981    1.43355778    0.85231099
 C                  2.80263703    0.64448136    0.13312073
 H                  3.72035493    0.65384817    0.68321719
 H                  2.45977394   -0.36368736    0.02852275
 C                  1.62707500    0.89679089    2.21081079
 H                  1.23885577   -0.09880077    2.15619321
 H                  2.57517582    0.88321442    2.70661369
 C                  3.03384967    1.25535824   -1.26150113
 H                  2.51764518    0.67312059   -1.99596165
 H                  2.66333481    2.25903856   -1.27713948
 C                  0.64829719    1.78691155    2.99902347
 H                  0.77291367    2.80647074    2.69924058
 H                 -0.35602531    1.47659214    2.79917806
 Cl                 4.75662156    1.26028890   -1.62154654
 Cl                 0.97668756    1.63759181    4.72165616
 P                  0.26642867    1.34328356    0.00000000
环磷酰胺

 C                 -2.89926200    0.07929121    0.00026300
 C                 -2.17732400    1.30441221    0.00026300
 C                 -2.89519400    2.52827821    0.00063300
 C                 -4.98811500    1.30093021    0.00049700
 C                 -0.79958300    3.75307221    0.00047500
 C                 -0.08357100    2.53118021    0.00001600
 H                 -0.23889100    4.69940321    0.00029700
 N                 -6.45769260    1.26569280    0.00063331
 H                 -6.77979677    0.79022988   -0.81801430
 H                 -6.77946348    0.78264720    0.81496153
 N                 -2.14472632   -1.18228551   -0.00004160
 H                 -2.37957761   -1.71134697    0.81539622
 H                 -2.37681392   -1.70929977   -0.81759362
 C                  1.45598316    2.56823301   -0.00023881
 H                  1.80826721    2.76143033    0.99146212
 H                  1.83537784    1.62586667   -0.33625275
 N                  1.92035350    3.63283373   -0.90128570
 C                  2.74043805    4.59093374   -0.14603362
 H                  3.67381852    4.13583126    0.11200250
 H                  2.92035657    5.45781569   -0.74690383
 H                  2.22407107    4.87654649    0.74654158
 C                  2.72477780    3.04413411   -1.98167188
 C                  2.47141278    3.39183023   -3.30884369
 C                  3.74141627    2.13804077   -1.68002766
 C                  3.23411964    2.83299485   -4.33412560
 H                  1.66933778    4.10561847   -3.54638070
 C                  4.50509586    1.57969696   -2.70543273
 H                  3.94135955    1.86402679   -0.63405059
 C                  4.25153693    1.92690067   -4.03234435
 H                  3.03406034    3.10652551   -5.38028705
 H                  5.30687559    0.86562317   -2.46726870
 C                  5.09356522    1.31009526   -5.16466032
 O                  4.78956735    0.24854796   -5.73557458
 N                  6.21235607    2.01879709   -5.50325261
 H                  6.44258539    2.85989881   -5.04272278
 C                  7.10613387    1.54274449   -6.56882061
 H                  6.56186670    1.47619762   -7.48764854
 C                  7.65521241    0.15319532   -6.19563720
 O                  7.99473819   -0.29670984   -5.10207907
 O                  7.76261986   -0.66434289   -7.27336857
 H                  8.11047319   -1.53220932   -7.01075330
 C                  8.27673140    2.52934980   -6.73588762
 H                  7.89600911    3.49191122   -7.00686002
 H                  8.81385318    2.60496618   -5.81356318
 C                  9.22223015    2.02175486   -7.84041444
 H                  9.79816100    2.83951834   -8.22050198
 H                  9.87916998    1.28089684   -7.43487843
 C                  8.39331644    1.40347374   -8.98156759
 O                  7.23671999    1.63123773   -9.33366139
 O                  9.09016262    0.46891257   -9.67612559
 H                  8.54547664    0.09574520  -10.38832230
 N                 -4.27206300    0.07929121    0.00026300
 N                 -4.31661000    2.49890521    0.00078700
 N                 -2.17244400    3.75300421    0.00074800
 N                 -0.75559700    1.33395521    0.00000000
甲氨蝶吟

 C                 -1.44905379    0.30783582    0.00000000
 C                 -0.04664179    0.30783582    0.00000000
 C                  0.65690021    1.51044982    0.00000000
 C                 -0.02918179    2.72474582   -0.00276100
 C                 -2.13179579    1.53278682   -0.00129900
 C                 -2.18948479   -0.95260818    0.00125500
 C                 -1.75811579   -2.03062218   -0.78523500
 C                 -2.46626379   -3.23052718   -0.78348600
 C                 -4.04368979   -2.30243118    0.78943600
 H                  0.49840921   -0.64803718    0.00768300
 H                  1.75675621    1.50037282    0.00327200
 H                  0.52778721    3.67279082   -0.00385900
 H                 -3.23210179    1.54354682   -0.00794900
 H                 -0.86009879   -1.92307618   -1.41200100
 H                 -2.12212179   -4.06931918   -1.40621400
 N                 -3.60924279   -3.36959018    0.00359000
 N                 -3.34045279   -1.09959818    0.78885600
 N                 -1.42383479    2.73284482   -0.00410600
 N                 -5.24617690   -2.44528036    1.62281398
 H                 -6.02823739   -2.67406500    1.04312529
 C                 -5.03577151   -3.51666048    2.60707727
 C                 -5.36289858   -4.83406787    2.28474658
 C                 -4.50899917   -3.21625633    3.86318888
 C                 -5.16389515   -5.85068011    3.21861965
 H                 -5.77889584   -5.07046147    1.29464248
 C                 -4.30895301   -4.23320557    4.79710839
 C                 -4.63642100   -5.55025114    4.47509488
 H                 -3.89321613   -3.99611158    5.78727177
 H                 -4.47954773   -6.35198898    5.21123586
 C                 -4.14760105   -1.76219301    4.21912606
 H                 -3.13504334   -1.56633041    3.93405638
 H                 -4.80063500   -1.09436728    3.69715340
 H                 -4.25602363   -1.61559103    5.27347534
 N                 -5.50932161   -7.23866672    2.87939445
 H                 -6.43521609   -7.43947597    3.19938673
 C                 -4.55786791   -8.15279676    3.52747016
 O                 -4.77813173   -9.35496615    3.63962906
 C                 -3.26632649   -7.50172583    4.05626822
 C                 -3.14076433   -7.20311252    5.41330016
 C                 -2.22202916   -7.21065853    3.17861735
 C                 -1.97139886   -6.61294748    5.89237358
 H                 -3.96455212   -7.43200444    6.10483755
 C                 -1.05185229   -6.62121635    3.65783953
 H                 -2.32075381   -7.44610875    2.10906340
 C                 -0.92643582   -6.32221227    5.01445454
 H                 -1.87260364   -6.37697364    6.96188392
 H                 -0.22847366   -6.39221255    2.96568413
 C                  0.36464219   -5.67064331    5.54377058
 H                  0.11461454   -4.82857126    6.15475407
 H                  0.91139783   -6.38334721    6.12515807
 N                  2.79396887   -4.36226527    2.20670901
 N                  1.22865321   -5.20526804    4.35696360
 C                  2.27853685   -3.93312177    0.89863191
 H                  1.21903806   -3.79676782    0.96003156
 H                  2.74129924   -3.00998672    0.61832376
 H                  2.50009502   -4.68024117    0.16540304
 C                  1.55560132   -3.85635125    4.21884565
 H                  1.91771080   -3.76248101    5.22132513
 H                  0.79010847   -3.12886765    4.04654274
 C                  2.33799244   -3.43478927    3.14341108
 H                  1.64102632   -2.64797617    2.94325270
 H                  3.32408329   -3.02667976    3.22068627
 C                  2.46729156   -5.71182836    2.34519346
 H                  3.49493991   -5.92221473    2.13406213
 H                  1.84373095   -6.32363068    1.72731799
 C                  1.68430762   -6.13295455    3.41981462
 H                  1.20356255   -6.73109249    2.67415036
 H                  1.87509129   -6.72964960    4.28725718
甲磺酸伊马替尼

 C                 -1.31834351    2.49268171    0.00000000
 C                 -2.80341551    2.49268171    0.00000000
 C                 -2.78253151    4.90607771    0.00000000
 C                 -1.33922751    4.90607771    0.00000000
 C                 -0.62908351    3.75096371    0.00000000
 C                 -0.87546651    1.20114371    0.00000000
 C                 -2.06087951    0.27163271    0.00000000
 H                 -3.28868051    5.88306771    0.00000000
 H                  0.47049449    3.74338571    0.00000000
 H                  0.14961349    0.83855471    0.00000000
 H                 -2.06087951   -0.38095329   -0.90929000
 N                 -3.49267551    3.75096371    0.00000000
 N                 -3.24629251    1.20114371    0.00000000
 H                 -3.98709003    1.87287210    0.00000047
 O                 -0.68142304    6.17579944    0.00000000
 C                 -0.60732430    6.67501053   -1.33798269
 C                 -1.62773741    7.48448241   -1.83796647
 C                  0.48510282    6.35280568   -2.14317530
 C                 -1.55598540    7.97104140   -3.14308476
 C                  0.55750866    6.84024046   -3.44838586
 H                  1.28952278    5.71497390   -1.74921062
 C                 -0.46285302    7.64913448   -3.94847539
 H                 -2.36055332    8.60856661   -3.53745587
 H                 -0.40646926    8.03293369   -4.97746294
 C                  3.01940022    7.02571625   -4.05758709
 C                  1.60199771    5.62186362   -5.42071086
 C                  4.11218908    6.70436288   -4.86242637
 H                  2.91586463    8.09054527   -4.07546303
 C                  2.69522281    5.29953411   -6.22530545
 H                  1.20963570    4.70311241   -5.03750301
 H                  4.85859807    6.27664568   -4.22616257
 H                  2.44480221    5.58135932   -7.22668653
 N                  3.95017011    5.84071476   -5.94643667
 N                  1.76408328    6.48474145   -4.33686666
 C                  4.86151580    4.70845029   -5.72660452
 H                  5.86705985    5.06789091   -5.65890222
 H                  4.59871181    4.21052616   -4.81671133
 C                  4.74726813    3.72158163   -6.90331083
 C                  4.87498591    4.18147837   -8.21428550
 C                  4.51622281    2.36798037   -6.65850513
 C                  4.77099517    3.28801430   -9.28017931
 H                  4.12895165    4.93469565   -8.35918759
 C                  4.41315672    1.47395280   -7.72457359
 C                  4.54036067    1.93374401   -9.03527882
 H                  3.97712744    3.63553855   -9.90779458
 H                  3.45751748    0.99885655   -7.64752037
 C                  3.24781417    1.55033624   -9.77953821
 H                  3.36968994    1.73800152  -10.82587852
 H                  3.04198990    0.51174514   -9.62505557
 H                  2.43369500    2.13486850   -9.40479560
 C                  5.69807001    1.15070454   -9.68193040
 H                  5.50563483    0.10098600   -9.60473139
 H                  5.78075720    1.42325297  -10.71332759
 H                  6.61220017    1.38381501   -9.17702885
 C                  4.37545884    1.86005983   -5.21150747
 C                  5.38759246    2.10772722   -4.28375868
 C                  3.23609507    1.15252945   -4.82836376
 C                  5.26061037    1.64734597   -2.97335935
 H                  6.28606604    2.66489333   -4.58633586
 C                  3.10847590    0.69279290   -3.51734677
 H                  2.43819947    0.95739460   -5.55940002
 C                  4.12053929    0.93995257   -2.58988960
 H                  6.05862578    1.84197800   -2.24220528
 H                  2.20983997    0.13531977   -3.21543385
 Cl                 3.96061354    0.35923248   -0.93617018
 C                 -2.83420029    7.83908320   -0.94897514
 O                 -3.96355155    7.34482707   -1.10871586
 N                 -2.57493176    8.74606981    0.04034337
 H                 -1.67444475    9.13091309    0.15680867
 S                 -3.81134494    9.24320236    1.11190376
 O                 -3.92481080   10.70813206    1.08308325
 O                 -3.48365044    8.80398262    2.47551166
 C                 -5.35784823    8.51833115    0.61061612
 C                 -5.99424700    8.96449106   -0.54800779
 C                 -5.93343415    7.50422223    1.37601280
 C                 -7.20629269    8.39707980   -0.94070544
 H                 -5.54059157    9.76454330   -1.15079709
 C                 -7.14535316    6.93585096    0.98280003
 H                 -5.43189901    7.15233543    2.28912135
 C                 -7.78189354    7.38218085   -0.17527725
 H                 -7.70828148    8.74912979   -1.85359348
 N                 -7.75136876    5.86672987    1.78941345
 O                 -8.19875122    6.38392877    2.96497895
 O                 -8.79422019    5.32067876    1.10831941
 N                 -9.05933596    6.78428808   -0.58948146
 H                 -9.81548984    7.31790850   -0.21069319
 C                 -9.14700052    6.78342418   -2.05686490
 H                 -9.23908728    7.78952509   -2.40925811
 H                 -8.26292498    6.34146729   -2.46672408
 C                -10.37871120    5.97057349   -2.49704958
 C                -11.66186637    6.45262145   -2.23702264
 C                -10.21153944    4.75251055   -3.15577897
 C                -12.77754088    5.71638147   -2.63507139
 H                -11.73785171    6.59478331   -1.17923427
 C                -11.32745025    4.01639755   -3.55489124
 H                 -9.62929970    4.94458899   -4.03270699
 H                -13.35940884    6.34550936   -3.27579580
 H                -11.25192968    3.05327860   -3.09489283
 O                -12.61032805    4.49803899   -3.29453939
 H                  5.67958750    3.35768790   -9.84098727
 H                  5.16000345    0.72156096   -7.57956851
 H                  5.83113200    4.65556347   -8.29127879
 H                -11.73740467    7.41525063   -2.69804219
 H                 -9.63057457    4.12327866   -2.51433758
 H                -13.35882814    5.52382454   -1.75761658
 H                -11.25133490    3.87538217   -4.61282371
 H                -10.37916643    5.46154861   -1.55588357
 H                  0.85633260    6.05041068   -6.05728840
 H                  2.79876818    4.23472620   -6.20626696
 H                  4.50347718    7.62339397   -5.24606092
 H                  3.26997581    6.74282188   -3.05654630
维奈克拉